100 200 100  69
15.221 129.372 1062.142
77.095 109.863 998.868
106.235 122.423 937.542
71.617 24.082 976.531
76.430 118.333 1043.261
38.465 41.674 934.318
159.194 196.311 999.403
187.657 35.788 1025.418
162.416 2.655 989.823
17.737 101.162 982.334
10.681 9.352 942.791
130.042 100.683 992.894
87.699 10.686 960.383
83.177 74.546 979.471
12.847 132.446 950.128
88.836 56.142 945.454
79.026 126.439 953.298
135.971 199.896 995.425
189.316 117.247 1002.230
182.046 198.410 1019.779
2.578 150.610 974.558
184.642 44.492 947.534
40.980 195.602 949.043
156.649 83.914 1057.331
187.302 82.407 1031.681
62.320 21.948 969.897
38.340 41.679 958.705
41.742 57.107 912.552
170.428 143.122 1039.690
82.348 178.981 990.277
131.794 180.824 1057.324
192.564 99.198 992.283
113.593 96.607 937.775
150.190 63.475 923.992
44.826 99.675 995.314
49.548 82.258 1002.533
120.891 53.202 1003.216
68.213 131.769 1077.052
118.962 119.742 964.399
37.223 164.587 1002.283
191.755 142.594 1024.123
88.091 146.946 944.966
165.761 76.122 1093.480
17.340 93.751 1072.013
156.164 168.654 940.843
40.949 176.690 1128.697
148.927 2.596 1024.523
190.578 141.333 1021.369
55.390 199.135 984.540
114.247 101.254 968.934
31.290 71.115 1065.961
93.966 116.044 983.032
145.700 109.123 1025.102
80.032 104.127 1032.178
132.070 54.795 1013.367
153.992 126.706 988.764
157.828 75.436 982.691
6.318 73.109 1009.072
66.299 187.196 984.650
104.755 155.909 923.249
25.611 173.599 1006.473
65.556 104.172 906.307
87.515 155.002 1048.645
50.687 188.614 1004.662
67.987 132.354 943.117
107.149 162.847 983.449
11.780 98.905 1021.321
173.309 170.214 886.160
18.985 22.872 1011.582
74.932 137.873 998.891
165.593 165.803 980.574
191.216 96.519 1032.724
35.547 183.948 1083.409
28.445 160.334 986.102
86.320 139.651 1007.994
18.236 52.143 938.893
13.774 139.672 1000.541
59.009 6.182 973.129
126.227 24.943 979.624
135.510 98.369 997.820
170.430 47.634 1030.196
164.613 101.916 1045.555
85.087 140.974 1041.777
168.211 118.413 972.494
109.113 9.148 977.256
115.740 159.507 920.395
63.792 57.117 1017.529
79.999 118.079 1001.148
17.785 198.777 991.685
118.270 19.589 1033.559
82.937 144.726 985.280
172.706 178.181 1020.142
49.740 55.415 1012.606
146.193 118.333 939.364
171.602 185.497 976.145
28.099 149.166 1027.839
12.544 21.453 993.642
85.889 72.555 972.642
36.615 163.917 1023.710
171.696 47.788 1037.965
0.000 25.422 9467.007
104.730 0.000 9554.850
200.000 44.454 10478.527
132.228 200.000 10511.069
0.000 109.190 10059.092
38.753 0.000 9474.211
200.000 49.376 10206.385
58.859 200.000 10360.541
0.000 87.018 10194.321
67.076 0.000 10606.369
200.000 171.942 9511.621
102.599 200.000 10684.077
0.000 166.846 10173.790
133.697 0.000 9519.161
200.000 5.280 9141.579
131.391 200.000 8943.226
0.000 36.860 9970.292
79.091 0.000 9824.595
200.000 15.246 9739.330
116.200 200.000 9622.026
0.000 18.541 9845.806
17.728 0.000 10029.817
200.000 65.431 9288.110
45.172 200.000 10287.235
0.000 99.483 10383.743
13.391 0.000 10159.215
200.000 190.901 9225.745
143.547 200.000 10251.336
0.000 96.707 8730.202
178.145 0.000 9433.115
200.000 155.156 10403.733
109.924 200.000 9719.250
0.000 194.251 9862.250
59.669 0.000 10010.973
200.000 52.395 10053.992
29.966 200.000 9971.146
0.000 187.665 10269.069
33.372 0.000 9701.638
200.000 6.562 9990.558
4.156 200.000 9459.711
0.000 170.226 10091.271
5.593 0.000 9635.451
200.000 131.026 10314.762
110.761 200.000 9635.173
0.000 20.046 9708.432
88.575 0.000 10042.734
200.000 60.140 9954.532
67.155 200.000 10271.155
0.000 0.544 9910.778
95.271 0.000 9661.589
200.000 73.240 10044.049
32.849 200.000 9569.631
0.000 91.611 10268.078
144.373 0.000 10993.231
200.000 82.309 9195.186
53.266 200.000 9167.116
0.000 136.528 10118.276
164.642 0.000 10721.635
200.000 20.945 9502.924
135.870 200.000 10146.667
0.000 13.433 10225.357
107.448 0.000 10874.444
200.000 128.134 10060.811
157.748 200.000 9230.726
0.000 121.033 10147.316
0.156 0.000 9542.699
200.000 152.359 9781.267
133.854 200.000 9731.367
0.000 133.985 9480.139
125.567 0.000 9977.123
200.000 43.195 8529.262
61.041 200.000 10079.169
0.000 86.568 10134.131
151.730 0.000 9670.006
200.000 106.449 10377.808
63.319 200.000 9878.086
0.000 104.710 9710.277
8.237 0.000 10251.222
200.000 107.256 9593.346
195.371 200.000 9833.386
0.000 129.701 9371.738
0.138 0.000 9686.929
200.000 127.670 9789.589
34.597 200.000 9644.916
0.000 181.977 10442.323
125.582 0.000 10070.749
200.000 169.814 9847.601
136.562 200.000 9854.217
0.000 69.135 10908.334
111.996 0.000 10073.842
200.000 56.762 10118.029
17.376 200.000 10383.776
0.000 168.729 9387.447
33.843 0.000 10584.172
200.000 117.501 10430.889
94.630 200.000 9339.816
0.000 145.461 9320.221
188.211 0.000 9349.422
200.000 24.636 10730.422
152.038 200.000 9543.256
