19.095 129.704 0.371 0.034 1062.142
78.918 109.638 0.182 -0.023 998.868
107.584 122.346 0.134 -0.008 937.542
73.758 23.992 0.213 -0.010 976.531
77.235 118.429 0.080 0.008 1043.261
40.123 41.818 0.165 0.017 934.318
179.035 192.221 2.818 -0.232 999.403
191.692 36.693 0.417 0.105 1025.418
176.517 8.133 1.161 0.352 989.823
21.506 101.599 0.364 0.042 982.334
18.912 9.077 0.787 0.003 942.791
131.350 100.606 0.052 0.010 992.894
91.868 9.931 0.423 -0.046 960.383
84.051 74.496 0.087 -0.005 979.471
16.723 132.780 0.371 0.034 950.128
90.000 56.071 0.116 -0.007 945.454
80.464 126.085 0.143 -0.035 953.298
164.801 195.857 0.692 -0.396 995.425
194.054 117.460 0.521 0.024 1002.230
184.655 198.094 0.263 -0.032 1019.779
7.783 153.136 0.478 0.205 974.558
188.825 45.404 0.443 0.098 947.534
52.398 197.398 1.271 0.168 949.043
158.227 83.682 0.158 -0.024 1057.331
190.514 81.811 0.333 -0.063 1031.681
64.237 21.807 0.191 -0.016 969.897
39.997 41.823 0.165 0.017 958.705
43.239 56.954 0.149 -0.015 912.552
172.191 142.792 0.176 -0.033 1039.690
84.577 178.876 0.222 -0.008 990.277
134.767 181.231 0.298 0.024 1057.324
195.812 100.457 0.341 0.143 992.283
114.493 96.570 0.090 -0.004 937.775
151.565 63.558 0.137 0.008 923.992
46.212 99.667 0.137 -0.001 995.314
50.737 82.209 0.118 -0.004 1002.533
122.106 53.231 0.121 0.003 1003.216
69.354 131.951 0.114 0.018 1077.052
119.912 119.677 0.095 -0.007 964.399
38.966 164.807 0.173 0.022 1002.283
195.031 141.995 0.336 -0.064 1024.123
90.123 147.412 0.197 0.044 944.966
167.361 76.040 0.160 -0.008 1093.480
20.616 93.187 0.316 -0.055 1072.013
157.947 168.022 0.177 -0.064 940.843
43.570 176.973 0.261 0.029 1128.697
165.102 5.158 1.533 0.112 1024.523
193.852 140.731 0.336 -0.064 1021.369
92.607 193.225 2.745 -0.184 984.540
115.146 101.217 0.090 -0.004 968.934
32.697 70.863 0.139 -0.025 1065.961
94.778 116.037 0.081 -0.001 983.032
146.829 109.160 0.113 0.002 1025.102
80.659 104.364 0.061 0.027 1032.178
133.038 54.897 0.096 0.010 1013.367
155.175 126.471 0.118 -0.023 988.764
158.661 75.460 0.084 0.003 982.691
10.569 72.734 0.398 -0.050 1009.072
70.100 185.869 0.366 -0.150 984.650
106.216 156.246 0.146 0.034 923.249
28.221 174.250 0.259 0.067 1006.473
66.285 104.062 0.072 -0.011 906.307
88.643 155.433 0.112 0.043 1048.645
55.214 189.905 0.465 0.128 1004.662
69.127 132.536 0.114 0.018 943.117
108.384 162.813 0.123 -0.003 983.449
16.124 99.112 0.403 0.018 1021.321
175.302 169.475 0.199 -0.073 886.160
22.581 23.254 0.351 0.035 1011.582
75.769 137.799 0.083 -0.007 998.891
166.868 165.217 0.127 -0.058 980.574
194.460 97.772 0.341 0.143 1032.724
38.577 183.798 0.302 -0.009 1083.409
30.326 160.872 0.186 0.053 986.102
86.687 139.353 0.038 -0.028 1007.994
19.778 52.111 0.153 -0.004 938.893
16.813 140.384 0.292 0.068 1000.541
65.335 4.746 0.667 -0.082 973.129
128.157 25.482 0.191 0.053 979.624
136.168 98.437 0.144 -0.011 997.820
172.278 47.952 0.186 0.032 1030.196
165.709 101.855 0.110 -0.006 1045.555
85.451 140.679 0.038 -0.029 1041.777
169.463 118.231 0.126 -0.018 972.494
114.543 10.064 0.524 0.103 977.256
116.617 159.530 0.087 0.001 920.395
64.701 56.997 0.090 -0.012 1017.529
80.798 118.174 0.080 0.008 1001.148
31.548 191.878 1.109 -0.318 991.685
120.377 19.535 0.209 -0.008 1033.559
83.301 144.431 0.038 -0.029 985.280
174.386 177.347 0.166 -0.082 1020.142
50.414 55.342 0.066 -0.008 1012.606
146.761 117.981 0.056 -0.034 939.364
173.235 184.847 0.159 -0.063 976.145
29.578 149.438 0.146 0.027 1027.839
16.987 21.406 0.419 0.001 993.642
86.760 72.505 0.087 -0.005 972.642
38.354 164.136 0.173 0.022 1023.710
173.544 48.105 0.186 0.031 1037.965
