115.967 186.402 0.228 -0.037 994.219
77.431 68.496 0.176 0.028 1088.155
68.026 104.311 0.118 -0.021 1065.728
12.177 22.026 0.106 0.018 948.490
75.044 82.251 0.292 -0.078 971.647
25.781 133.517 0.109 -0.016 1038.992
127.195 47.101 0.132 0.012 958.708
178.097 4.852 0.600 -0.284 1058.008
45.624 190.269 0.154 -0.023 1017.246
138.516 41.158 0.405 -0.113 1093.578
139.202 44.174 0.404 -0.113 1180.604
54.354 84.431 0.273 -0.049 1074.153
95.828 54.023 0.154 -0.038 910.100
133.093 59.661 0.141 -0.062 965.103
15.609 153.891 0.198 -0.022 1037.905
116.837 130.467 0.113 -0.027 990.521
185.175 82.832 0.146 -0.037 952.891
127.985 103.932 0.185 -0.128 1004.364
146.167 142.989 0.112 0.022 1009.376
176.124 120.690 0.288 0.042 999.829
13.936 77.219 0.182 -0.013 927.972
154.712 81.560 0.241 0.017 959.838
87.931 49.043 0.104 0.022 968.457
198.038 92.693 0.181 0.002 994.738
112.913 30.733 0.147 0.002 980.838
17.126 20.372 0.153 0.063 1018.259
103.583 56.371 0.179 -0.045 984.137
151.476 153.133 0.151 0.024 973.449
123.268 116.737 0.104 -0.003 984.105
9.035 59.430 0.172 -0.051 1077.378
176.011 22.307 0.156 -0.056 936.167
22.880 144.032 0.310 -0.042 1032.969
93.470 144.397 0.121 0.017 1043.542
97.769 156.482 0.115 0.023 1026.716
66.155 191.326 0.315 0.158 958.208
89.724 20.525 0.115 0.013 956.412
166.737 100.038 0.155 -0.057 998.025
60.503 146.570 0.105 -0.010 1028.485
197.703 66.321 0.175 -0.069 1089.282
163.745 8.754 0.095 -0.015 1037.624
73.895 177.192 0.214 -0.017 958.224
96.051 135.563 0.130 0.037 993.467
89.182 75.439 0.376 -0.004 929.329
38.890 21.523 0.093 -0.014 990.697
113.541 32.363 0.147 0.002 1044.922
131.022 132.959 0.634 -0.525 1044.429
182.699 187.781 0.211 0.003 980.611
80.129 29.927 0.094 0.013 1037.195
17.081 2.197 0.080 -0.024 1020.268
85.928 81.131 0.175 -0.024 1023.064
108.933 102.147 0.180 -0.046 944.112
182.914 139.227 0.110 0.002 919.237
162.730 85.867 0.141 -0.085 1008.177
38.489 28.212 0.123 0.053 909.485
150.379 29.300 0.347 -0.198 1000.544
40.130 157.412 0.148 -0.041 1049.221
21.084 69.495 0.096 -0.002 1015.329
157.126 138.736 0.131 0.042 1059.505
43.082 199.172 0.216 -0.001 976.049
63.811 184.773 0.154 -0.004 951.687
40.610 158.153 0.148 -0.041 977.428
4.195 119.413 0.494 0.116 895.841
102.501 37.897 0.320 -0.031 1032.415
2.945 170.184 0.081 -0.014 1036.108
178.327 199.884 0.110 -0.001 1099.421
178.140 111.673 0.147 -0.012 1008.412
69.132 16.537 0.119 -0.014 923.139
189.860 162.721 0.107 0.021 857.769
25.341 82.736 0.106 -0.009 948.129
140.760 181.158 0.187 0.055 1052.615
190.485 43.368 0.135 0.004 921.483
96.038 69.868 0.164 0.048 1032.326
160.166 119.007 0.165 -0.029 1058.161
133.979 3.373 0.203 -0.062 975.772
95.389 101.594 0.402 0.017 905.282
17.692 164.018 0.410 0.137 887.873
17.017 126.108 0.134 -0.043 1089.309
59.509 197.594 0.092 0.006 1035.461
20.257 91.553 0.127 -0.007 1013.930
192.058 53.637 0.122 0.029 969.352
172.197 90.717 0.154 0.061 1012.319
197.638 149.729 0.150 0.060 939.931
39.022 0.803 0.211 -0.012 976.265
72.779 167.908 0.198 0.059 920.516
182.741 197.908 0.110 -0.001 981.008
151.027 4.401 0.119 -0.002 1012.575
16.123 97.660 0.132 -0.002 977.241
36.797 115.625 0.147 -0.009 1056.754
28.552 197.605 0.131 -0.008 969.903
47.119 68.250 0.090 0.001 1023.792
141.385 60.897 0.394 0.180 953.958
96.889 143.432 0.120 0.017 926.602
94.618 117.635 0.108 0.001 989.874
193.303 5.178 0.106 0.009 970.400
90.179 64.638 0.100 0.011 978.252
172.673 142.447 0.114 0.007 1113.079
116.700 115.839 0.122 -0.017 1065.008
36.229 69.234 0.163 0.052 995.806
75.609 83.791 0.121 -0.028 1003.358
154.284 128.074 0.085 0.004 1016.704
52.781 154.106 0.109 -0.013 1021.453
24.482 168.676 0.171 -0.035 979.045
145.529 184.705 0.111 0.040 920.353
7.633 16.631 0.209 0.027 1038.273
61.094 63.800 0.362 0.154 1008.796
113.377 16.520 0.321 0.054 911.312
194.123 14.250 0.299 0.023 1027.460
71.728 87.002 0.124 -0.008 1083.890
80.122 115.738 0.182 -0.033 955.164
150.908 71.546 0.123 -0.102 1009.358
118.807 111.069 0.202 -0.014 917.118
170.422 68.664 0.175 0.059 1050.703
104.798 166.433 0.116 -0.014 1000.474
155.011 175.010 0.382 0.093 990.418
3.768 11.224 0.485 -0.224 1022.053
115.820 159.566 0.278 0.086 1000.625
188.094 124.432 0.170 0.048 1021.056
108.004 131.919 0.165 0.035 985.016
25.615 143.367 0.309 -0.042 926.301
196.049 92.539 0.099 0.010 1026.665
6.815 40.814 0.284 -0.201 992.450
176.931 12.067 0.142 -0.043 1000.992
108.517 113.759 0.219 -0.110 1051.791
198.929 198.598 0.084 -0.011 914.254
8.170 95.390 0.129 -0.037 1007.814
191.296 98.359 0.276 -0.070 1024.293
168.295 146.812 0.130 -0.046 977.797
165.517 64.737 0.108 0.012 1105.717
175.110 75.811 0.103 0.013 1004.411
12.258 24.048 0.106 0.018 1006.014
143.219 134.951 0.174 -0.063 930.886
3.516 81.776 0.116 0.001 1051.658
32.690 181.060 0.401 0.102 1027.097
57.446 81.904 0.272 -0.049 1030.095
1.582 87.816 0.101 -0.023 974.630
195.530 142.423 0.101 -0.027 1018.872
198.227 64.781 0.175 -0.069 951.434
68.899 146.943 0.132 -0.018 1040.992
22.707 8.361 0.084 0.026 975.890
137.103 146.235 0.244 0.019 1026.843
180.707 158.712 0.097 -0.007 1052.184
86.895 6.143 0.138 0.011 956.946
191.800 118.986 0.098 0.013 1061.744
62.770 26.146 0.376 0.249 1053.870
130.654 175.226 0.086 -0.012 940.075
44.747 104.827 0.089 0.004 994.986
159.741 41.663 0.185 -0.021 1035.411
186.476 189.162 0.211 0.003 943.173
147.522 31.124 0.286 0.155 964.036
24.141 166.582 0.171 -0.035 1026.687
172.869 163.692 0.194 -0.025 1057.455
99.313 32.388 0.163 0.041 1028.246
167.705 69.909 0.176 0.060 1026.946
32.803 116.460 0.147 -0.009 1027.759
113.532 156.282 0.276 0.086 1031.571
122.847 150.875 0.060 0.020 1042.111
14.547 199.661 0.115 0.025 1021.116
109.538 93.450 0.087 0.020 1036.781
145.875 31.116 0.348 -0.200 936.464
169.686 14.342 0.066 -0.008 1027.231
174.274 24.680 0.069 -0.026 955.788
50.827 184.083 0.093 0.043 994.806
89.298 67.094 0.099 0.011 936.966
80.908 86.917 0.061 -0.015 1010.545
55.835 9.661 0.082 -0.005 992.935
113.746 65.183 0.091 0.031 1056.762
19.008 196.415 0.215 0.012 954.597
100.408 131.502 0.311 -0.126 1011.569
101.862 45.995 0.060 0.001 1063.895
93.469 62.898 0.100 0.008 1052.089
128.264 139.167 0.188 0.001 996.440
166.056 163.487 0.167 0.058 977.337
179.384 111.328 0.148 -0.009 1011.839
146.456 24.151 0.066 0.008 1021.568
113.172 143.558 0.101 -0.050 1040.415
96.244 20.711 0.059 0.006 1089.922
120.975 118.755 0.144 -0.062 1020.545
154.009 91.686 0.101 0.045 983.718
191.525 45.809 0.135 0.004 1019.180
146.212 59.140 0.053 -0.032 1059.817
133.286 60.158 0.141 -0.062 1033.596
147.545 39.412 0.310 -0.023 1001.978
142.608 1.878 0.096 0.044 991.945
192.585 137.519 0.255 0.100 971.711
123.316 118.378 0.104 -0.003 1020.713
182.510 97.193 0.133 0.043 1085.707
78.361 77.973 0.571 -0.165 1066.729
195.562 94.681 0.181 0.002 1057.318
40.266 43.875 0.084 -0.009 956.721
4.460 6.383 0.486 -0.226 923.090
177.552 25.861 0.156 -0.056 958.897
194.141 128.704 0.797 -0.512 981.131
104.104 178.881 0.429 0.059 1089.416
82.429 15.534 0.131 -0.006 970.855
72.634 175.911 0.214 -0.017 905.395
113.134 126.708 0.230 0.095 886.514
148.838 86.257 0.059 -0.003 1015.634
3.239 63.966 0.197 -0.142 958.996
122.584 185.491 0.207 -0.001 985.897
161.480 55.226 0.051 -0.036 1036.556
