115.882 186.532 0.198 0.012 994.219
77.140 68.415 0.062 -0.003 1088.155
67.902 104.370 0.069 0.002 1065.728
12.496 21.817 0.229 -0.064 948.490
74.779 82.336 0.052 -0.002 971.647
25.817 133.553 0.123 -0.002 1038.992
127.059 47.047 0.078 -0.011 958.708
177.416 5.448 0.338 -0.080 1058.008
45.690 190.278 0.181 -0.020 1017.246
137.699 41.409 0.082 -0.005 1093.578
138.382 44.446 0.082 -0.005 1180.604
53.801 84.532 0.058 -0.008 1074.153
95.617 54.120 0.072 0.000 910.100
132.870 59.807 0.052 -0.004 965.103
15.712 153.990 0.236 0.017 1037.905
116.708 130.539 0.063 0.001 990.521
185.080 82.875 0.110 -0.020 952.891
127.685 104.273 0.067 -0.000 1004.364
146.077 142.914 0.077 -0.007 1009.376
175.640 120.601 0.096 0.006 999.829
13.867 77.181 0.158 -0.028 927.972
154.260 81.512 0.067 -0.002 959.838
87.833 48.984 0.065 -0.001 968.457
198.020 92.758 0.177 0.027 994.738
112.771 30.721 0.092 -0.003 980.838
17.194 20.028 0.179 -0.072 1018.259
103.286 56.484 0.061 0.000 984.137
151.319 153.070 0.088 -0.001 973.449
123.074 116.754 0.028 0.004 984.105
9.113 59.675 0.200 0.045 1077.378
176.026 22.499 0.161 0.019 936.167
22.401 144.135 0.131 -0.006 1032.969
93.321 144.351 0.062 0.002 1043.542
97.662 156.413 0.073 -0.004 1026.716
66.114 191.158 0.300 0.094 958.208
89.741 20.552 0.121 0.024 956.412
166.521 100.184 0.071 -0.001 998.025
60.403 146.623 0.066 0.011 1028.485
199.438 64.981 0.934 -1.268 1089.282
164.136 8.955 0.247 0.064 1037.624
73.604 177.250 0.099 0.005 958.224
95.903 135.424 0.072 -0.017 993.467
88.370 75.441 0.054 -0.004 929.329
38.974 21.516 0.126 -0.017 990.697
113.396 32.349 0.092 -0.003 1044.922
129.536 134.296 0.052 -0.001 1044.429
182.900 187.738 0.290 -0.015 980.611
80.086 29.924 0.077 0.013 1037.195
18.500 1.534 0.708 -0.326 1020.268
85.632 81.186 0.059 -0.002 1023.064
108.614 102.243 0.053 -0.008 944.112
182.978 139.214 0.136 -0.004 919.237
162.515 86.084 0.057 0.000 1008.177
38.462 28.048 0.112 -0.011 909.485
149.728 29.814 0.087 0.010 1000.544
39.963 157.545 0.082 0.012 1049.221
21.107 69.481 0.106 -0.007 1015.329
156.941 138.613 0.059 -0.006 1059.505
44.487 198.458 0.681 -0.227 976.049
63.818 184.938 0.158 0.061 951.687
40.436 158.288 0.082 0.012 977.428
4.224 119.584 0.499 0.169 895.841
101.859 37.964 0.067 -0.003 1032.415
4.825 170.312 0.745 0.043 1036.108
181.401 199.469 1.356 -0.311 1099.421
177.948 111.777 0.074 0.011 1008.412
69.207 16.526 0.148 -0.019 923.139
190.032 162.666 0.175 -0.000 857.769
25.330 82.727 0.102 -0.012 948.129
140.555 180.980 0.106 -0.014 1052.615
191.009 43.253 0.345 -0.043 921.483
95.761 69.740 0.054 -0.003 1032.326
159.894 119.081 0.059 -0.001 1058.161
134.716 3.179 0.508 -0.159 975.772
94.493 101.552 0.047 -0.000 905.282
17.099 163.785 0.172 0.043 887.873
17.019 126.228 0.135 0.003 1089.309
60.642 198.067 0.574 0.215 1035.461
20.238 91.513 0.119 -0.023 1013.930
192.671 53.388 0.370 -0.070 969.352
171.980 90.569 0.070 0.003 1012.319
199.264 149.302 0.859 -0.055 939.931
40.452 1.051 0.720 0.066 976.265
72.474 167.772 0.079 0.005 920.516
185.826 197.541 1.363 -0.615 981.008
151.960 4.563 0.479 0.051 1012.575
16.229 97.575 0.173 -0.035 977.241
36.616 115.640 0.074 -0.002 1056.754
29.719 197.070 0.558 -0.194 969.903
47.075 68.209 0.073 -0.015 1023.792
140.539 60.437 0.058 -0.003 953.958
96.741 143.389 0.062 0.002 926.602
94.426 117.632 0.033 -0.001 989.874
194.781 5.959 0.672 0.363 970.400
90.027 64.605 0.039 -0.003 978.252
172.663 142.421 0.110 -0.004 1113.079
116.480 115.889 0.036 0.003 1065.008
36.024 69.053 0.084 -0.017 995.806
75.275 83.898 0.052 -0.002 1003.358
154.196 128.053 0.050 -0.005 1016.704
52.660 154.154 0.062 0.006 1021.453
24.356 168.789 0.119 0.011 979.045
145.578 184.629 0.130 0.010 920.353
7.805 16.201 0.271 -0.140 1038.273
60.288 63.384 0.051 -0.004 1008.796
112.824 16.440 0.104 0.025 911.312
194.509 14.730 0.456 0.219 1027.460
70.600 87.344 0.042 -0.007 1083.890
79.743 115.840 0.035 0.005 955.164
150.747 71.811 0.060 0.002 1009.358
118.431 111.126 0.054 0.008 917.118
170.129 68.463 0.067 -0.013 1050.703
104.668 166.448 0.065 -0.009 1000.474
154.244 174.755 0.085 -0.003 990.418
3.472 11.606 0.360 -0.065 1022.053
115.298 159.369 0.060 0.004 1000.625
188.129 124.334 0.185 0.010 1021.056
107.687 131.827 0.041 -0.001 985.016
25.153 143.464 0.131 -0.006 926.301
196.171 92.544 0.147 0.013 1026.665
6.898 41.060 0.312 -0.104 992.450
177.102 12.202 0.209 0.008 1000.992
108.044 114.042 0.032 0.002 1051.791
193.944 195.863 -0.550 -1.037 914.254
8.706 95.154 0.332 -0.127 1007.814
190.870 98.514 0.107 -0.007 1024.293
168.164 146.951 0.078 0.009 977.797
165.403 64.701 0.064 -0.002 1105.717
175.002 75.734 0.062 -0.018 1004.411
12.577 23.839 0.229 -0.064 1006.014
142.906 135.084 0.050 -0.010 930.886
4.377 82.237 0.429 0.161 1051.658
31.898 180.815 0.116 0.006 1027.097
56.892 82.005 0.058 -0.008 1030.095
2.056 87.686 0.285 -0.073 974.630
197.008 142.647 0.769 0.065 1018.872
199.990 63.358 0.938 -1.060 951.434
68.673 147.006 0.043 0.007 1040.992
23.232 8.058 0.292 -0.087 975.890
136.620 146.167 0.054 -0.011 1026.843
180.705 158.734 0.097 0.002 1052.184
87.419 6.366 0.338 0.116 956.946
192.151 119.091 0.238 0.055 1061.744
62.057 25.526 0.090 0.000 1053.870
130.645 175.216 0.082 -0.016 940.075
44.682 104.815 0.063 -0.001 994.986
159.467 41.727 0.076 0.004 1035.411
186.672 189.119 0.290 -0.015 943.173
146.977 30.745 0.074 0.008 964.036
24.008 166.703 0.119 0.011 1026.687
172.575 163.724 0.077 -0.012 1057.455
99.069 32.289 0.066 0.002 1028.246
167.402 69.705 0.067 -0.013 1026.946
32.614 116.478 0.074 -0.002 1027.759
112.991 156.075 0.060 0.004 1031.571
122.816 150.798 0.047 -0.010 1042.111
16.186 195.024 0.709 -0.208 1021.116
109.395 93.395 0.031 -0.002 1036.781
145.249 31.608 0.087 0.010 936.464
169.914 14.473 0.156 0.043 1027.231
174.422 24.802 0.127 0.022 955.788
50.837 184.009 0.097 0.014 994.806
89.146 67.066 0.039 -0.003 936.966
80.826 86.950 0.029 -0.001 1010.545
56.302 10.001 0.264 0.125 992.935
113.561 65.127 0.018 0.009 1056.762
20.414 196.870 0.806 0.233 954.597
99.652 131.856 0.017 0.007 1011.569
101.787 46.005 0.031 0.004 1063.895
93.315 62.860 0.040 -0.003 1052.089
127.888 139.150 0.033 -0.003 996.440
165.783 163.330 0.060 -0.004 977.337
179.192 111.432 0.074 0.011 1011.839
146.499 24.152 0.083 0.009 1021.568
112.969 143.655 0.021 -0.011 1040.415
96.313 20.705 0.086 0.004 1089.922
120.698 118.910 0.036 -0.001 1020.545
153.810 91.561 0.022 -0.003 983.718
192.051 45.694 0.345 -0.043 1019.180
146.153 59.229 0.031 0.003 1059.817
133.065 60.301 0.052 -0.004 1033.596
146.895 39.449 0.054 -0.004 1001.978
146.205 0.679 1.574 -0.619 991.945
192.461 137.306 0.206 0.016 971.711
123.122 118.395 0.028 0.004 1020.713
182.323 97.101 0.059 0.008 1085.707
77.715 78.128 0.036 -0.004 1066.729
195.553 94.749 0.177 0.027 1057.318
40.207 43.860 0.061 -0.015 956.721
4.202 6.738 0.361 -0.065 923.090
177.566 26.052 0.161 0.019 958.897
192.782 129.902 0.268 -0.049 981.131
103.226 178.740 0.093 0.007 1089.416
82.378 15.577 0.112 0.011 970.855
72.339 175.969 0.099 0.005 905.395
112.623 126.469 0.028 0.001 886.514
148.764 86.263 0.030 -0.001 1015.634
3.220 64.372 0.182 0.022 958.996
122.472 185.464 0.156 -0.016 985.897
161.538 55.302 0.075 -0.006 1036.556
