122.678 38.717 -11.679 1.092 952.223
185.274 143.995 1.843 -0.106 1047.171
75.609 15.118 2.159 0.033 1129.068
180.067 102.039 1.272 -0.002 980.669
71.022 47.706 1.640 -0.032 931.043
162.484 7.541 -1.749 0.030 996.566
162.520 4.340 -0.767 -0.066 928.942
119.482 152.223 1.922 0.005 941.697
197.298 48.731 1.578 -2.259 1031.170
195.480 109.844 2.806 -0.509 1032.617
196.312 12.062 5.778 0.908 908.068
196.784 18.990 -11.193 -1.150 1025.909
138.799 4.952 6.480 -0.438 1026.235
114.967 74.444 1.340 0.030 969.317
88.713 63.664 1.012 0.001 965.711
178.240 40.163 -1.077 -2.432 1039.744
60.968 121.613 1.216 0.099 1068.544
40.423 143.926 1.968 0.268 1056.162
179.774 180.191 8.383 0.195 966.922
163.153 158.192 5.870 -0.146 1019.450
76.188 98.801 1.447 0.042 1100.301
50.307 44.386 2.794 -0.213 1056.949
147.825 27.047 2.534 0.049 1053.843
40.858 92.381 1.314 -0.012 1014.805
174.208 87.975 -0.833 -1.079 916.345
89.964 78.950 1.969 -0.117 1007.335
190.813 115.591 -2.004 -0.555 1025.441
168.962 13.401 3.425 0.060 982.293
173.281 6.513 7.838 -1.065 971.730
96.257 187.953 6.313 0.336 1009.104
121.891 116.426 0.894 -0.018 994.416
44.061 59.482 1.033 -0.014 967.609
94.341 76.061 2.009 -0.108 970.186
115.475 32.980 2.059 0.058 1041.629
166.580 31.072 2.047 0.050 960.700
73.933 31.467 2.590 0.034 1023.578
176.255 12.182 2.644 0.326 989.968
47.060 95.254 1.877 -0.008 1021.703
197.850 109.930 -6.873 -60.725 1002.483
89.084 124.254 1.418 0.071 975.721
46.126 55.217 1.398 -0.041 980.620
147.489 79.292 1.138 0.018 1018.524
136.464 180.475 -4.196 -0.664 968.858
196.086 128.558 -5.299 -0.566 1006.321
70.065 31.425 1.782 -0.009 1049.040
166.860 115.039 5.596 -1.995 1089.336
105.675 190.719 4.767 0.137 1021.007
118.145 191.487 -8.069 -0.380 935.549
194.613 159.684 6.585 0.118 1026.325
196.694 18.564 -12.926 -0.325 979.496
183.994 176.877 9.180 -0.001 1014.543
94.917 52.453 -6.003 0.874 941.160
151.165 1.540 -11.096 -1.166 907.751
70.260 138.861 1.383 0.098 956.348
150.350 125.724 3.714 0.069 1059.793
56.364 181.265 2.874 0.556 1094.169
179.467 133.242 -4.500 -0.754 897.325
134.554 41.941 -3.629 -3.182 977.699
54.206 67.460 1.527 -0.073 998.920
112.441 161.483 2.417 -0.028 1094.579
169.598 40.116 -10.048 -0.180 997.809
147.953 136.914 1.598 -0.062 968.562
124.981 27.582 2.364 0.031 946.491
62.378 106.421 2.088 0.103 1004.778
157.658 167.403 1.592 -0.102 1015.428
128.597 59.463 1.377 0.047 994.279
169.411 187.901 2.135 -0.146 1010.587
123.078 42.400 1.016 0.024 1078.837
142.617 48.965 1.040 0.029 1065.035
94.410 136.088 1.016 0.011 1014.484
60.850 151.501 1.108 0.101 975.969
42.870 139.138 1.480 0.174 1008.835
193.658 168.429 -2.067 -3.006 1055.304
175.338 95.686 0.773 -0.925 1060.343
68.394 13.488 3.948 -0.354 1025.411
130.163 158.191 -0.419 -1.768 993.890
187.099 18.469 2.231 0.279 1027.820
142.251 163.134 1.549 -0.104 963.699
197.748 90.814 3.570 -0.445 1082.879
181.437 125.952 2.072 -0.126 1077.060
134.162 143.045 1.733 -0.121 976.802
156.290 31.950 1.993 0.017 950.342
143.489 43.100 -0.664 4.528 989.119
118.997 70.698 1.422 0.037 968.179
39.079 145.620 0.000 0.000 945.225
196.255 8.595 -1.680 0.590 1052.900
91.996 192.750 -6.357 -1.944 1016.883
191.762 63.148 -2.084 -1.786 941.069
198.763 152.233 2.391 -0.264 1002.437
198.095 10.851 -4.445 -25.767 1109.279
148.293 66.214 -11.314 0.068 1030.314
161.834 54.584 1.648 -0.034 914.012
137.044 87.747 1.018 0.002 968.276
98.471 153.800 3.649 0.298 993.322
161.538 45.239 2.413 0.008 962.212
136.347 51.973 1.473 -0.016 1029.533
59.062 132.654 1.574 0.138 973.990
87.953 15.916 2.604 -0.052 1008.758
108.563 59.804 1.430 0.033 931.170
122.031 185.682 3.102 -0.296 947.583
196.384 6.906 -3.154 0.763 995.765
99.388 38.436 2.560 0.019 998.917
192.451 24.885 -13.104 -0.777 1037.986
189.641 107.889 -3.898 -1.180 963.110
41.106 147.594 1.979 0.270 1109.435
78.638 102.111 2.734 0.012 941.833
122.078 193.611 5.900 -0.105 896.477
169.581 32.376 2.065 0.041 997.386
112.867 129.461 0.936 0.014 920.647
162.299 120.269 1.569 -0.073 986.759
134.469 56.461 1.348 -0.024 1029.617
89.984 125.273 1.118 0.069 935.630
70.725 76.901 1.817 -0.091 941.196
60.254 47.278 1.735 -0.091 973.865
111.604 71.635 1.415 0.033 893.143
96.713 198.545 7.960 0.269 981.357
79.929 46.176 3.869 -0.130 1040.055
105.778 61.540 2.865 -0.188 891.406
99.014 128.082 4.118 0.485 1028.165
170.065 44.935 0.213 0.005 1015.047
81.401 143.282 0.379 0.014 991.365
96.086 148.650 2.021 0.082 1007.991
191.994 164.864 4.953 -0.655 928.216
192.079 170.656 -1.897 -0.541 1010.892
91.996 85.779 1.242 -0.006 988.493
152.070 106.339 0.328 -0.011 989.260
137.091 57.957 -7.783 2.820 915.170
119.630 47.570 1.503 0.049 1032.573
68.491 108.418 1.437 0.086 1033.121
143.432 104.968 1.466 -0.012 1009.741
134.440 28.268 0.966 0.040 970.316
172.916 46.448 -3.947 -2.797 1041.903
120.345 6.783 -2.215 -1.499 1081.568
76.647 77.437 1.727 -0.110 1017.302
98.113 42.929 3.526 -0.319 1030.430
107.599 186.165 3.016 0.007 993.652
197.938 19.419 4.095 -4.777 956.934
172.221 170.319 -7.243 -1.974 1001.494
196.348 140.519 6.315 0.429 1002.970
194.424 136.556 -1.378 -0.799 956.301
101.817 130.591 1.224 0.045 871.569
181.652 58.353 3.045 -0.003 1047.327
126.290 189.346 2.097 0.036 992.570
53.795 155.324 0.864 0.111 1021.788
72.711 112.578 2.295 -0.006 1027.127
155.055 167.121 6.211 0.161 985.643
179.805 96.755 0.754 -0.026 986.496
94.024 113.896 1.629 0.022 1107.606
44.011 59.889 1.707 -0.084 945.894
168.473 40.549 -0.935 -0.853 997.747
161.046 24.586 1.990 0.083 881.637
57.334 143.706 2.725 0.387 993.922
166.134 92.527 -0.042 -0.209 985.057
197.944 34.712 -2.856 -0.214 1042.251
134.295 47.658 0.749 0.014 1042.482
162.178 149.440 1.657 -0.107 901.586
167.282 2.751 3.717 5.000 1017.308
102.298 68.331 3.688 -0.302 992.463
111.668 162.606 -5.864 -1.022 934.693
139.109 62.758 1.038 0.022 983.695
143.748 198.073 4.215 -0.170 1059.048
190.330 157.136 -2.902 0.022 923.522
45.822 110.245 1.175 0.077 1036.580
54.873 38.985 2.820 -0.172 957.713
153.216 23.881 6.570 -0.516 980.837
87.160 190.771 3.669 -0.009 972.785
133.473 173.761 1.651 -0.056 959.357
56.257 119.599 2.616 0.096 981.212
83.905 131.966 -1.714 0.261 1031.536
176.859 65.874 3.613 1.891 1067.216
144.781 187.244 7.058 -0.053 979.324
192.853 119.329 2.310 -0.208 1018.703
95.490 31.532 1.300 -0.077 965.977
150.143 19.051 3.123 0.084 1024.373
75.499 12.022 1.772 0.045 1003.689
192.720 171.249 4.990 -0.612 1040.550
104.178 91.789 1.243 0.006 1008.614
187.153 51.668 0.535 -0.352 960.675
147.394 138.725 1.471 -0.098 1063.996
179.739 99.735 1.654 -0.014 1029.086
173.433 137.184 -6.323 -2.281 1077.000
52.445 145.977 2.052 0.290 1052.665
106.299 46.300 2.560 0.023 998.339
131.736 92.266 1.185 0.000 1022.340
120.275 70.893 1.361 0.037 927.973
164.658 146.673 -0.353 -0.293 958.216
193.463 77.412 2.029 -0.210 1097.017
114.874 169.245 -1.797 -1.387 1045.323
161.558 166.550 -0.175 -1.089 944.761
109.654 22.630 -11.628 -0.879 1008.184
194.960 177.919 3.496 -0.221 914.748
105.009 23.638 2.500 0.020 993.656
165.142 175.048 2.865 0.016 1080.143
194.605 27.051 9.117 3.408 964.793
74.582 142.863 0.985 0.026 918.472
132.006 39.768 2.348 0.061 988.091
54.678 42.294 1.180 -0.067 972.702
91.993 189.471 8.180 0.320 910.539
191.318 154.690 2.784 -0.204 1020.587
60.860 50.137 2.264 -0.225 1003.249
144.550 135.895 -5.785 -2.057 960.109
197.822 68.969 2.960 -0.096 982.292
198.400 68.909 3.760 -0.426 1023.877
76.012 167.684 1.538 0.081 944.038
70.698 66.524 2.408 -0.164 990.404
114.878 48.228 1.655 0.081 956.663
192.324 162.629 1.450 -2.774 1037.885
185.268 24.722 2.631 3.209 986.817
197.143 10.804 8.395 0.407 989.565
130.356 110.544 1.116 0.005 1072.151
55.408 30.831 2.414 -0.122 904.589
102.444 72.769 2.422 -0.048 1003.121
131.454 69.250 -2.471 -5.228 1076.388
53.427 61.234 1.372 -0.018 856.054
147.436 40.505 2.423 0.132 987.722
67.036 70.155 1.286 -0.018 987.672
158.561 83.387 1.412 -0.045 922.118
139.916 170.155 1.154 -0.017 988.965
64.736 170.960 3.097 0.540 1039.764
195.000 192.321 4.599 -0.692 963.283
188.040 32.544 3.321 0.217 961.756
80.874 141.569 1.927 0.216 959.931
85.357 164.579 1.536 0.004 1013.253
78.043 65.992 1.581 -0.090 901.218
171.890 169.326 -4.960 -3.648 933.307
160.692 167.896 -2.622 -1.033 935.242
70.609 178.638 1.822 0.113 1000.517
139.289 78.873 1.046 -0.001 1003.916
96.962 90.134 1.361 -0.001 946.880
39.391 57.055 2.128 -0.111 994.922
159.758 87.846 1.176 -0.034 973.141
140.796 118.017 3.481 0.099 962.754
160.757 106.308 1.547 -0.050 1092.312
104.575 117.237 1.093 0.010 1056.813
109.513 37.418 3.759 -0.280 997.907
111.458 18.592 2.543 0.022 923.016
49.286 67.433 2.626 -0.077 952.724
67.055 166.353 1.621 0.083 893.579
120.789 52.204 5.296 -0.706 993.568
43.879 59.419 2.961 -0.236 1002.908
81.809 30.540 3.923 -0.339 916.600
115.380 161.666 3.856 0.465 980.540
159.534 189.142 4.237 -0.394 978.928
75.831 84.712 1.392 -0.020 1060.668
163.201 150.013 2.674 -0.066 948.688
116.957 194.045 5.321 -0.087 932.284
128.868 29.366 3.015 0.064 922.066
111.332 120.880 1.049 0.005 964.581
105.297 8.214 1.466 0.046 992.054
182.126 115.149 1.905 -0.045 970.802
73.646 74.073 1.316 -0.019 983.730
149.032 82.329 1.310 -0.029 923.128
56.100 89.101 1.282 0.006 1129.938
180.838 54.135 1.847 0.099 1009.180
133.233 141.131 1.245 -0.002 951.362
147.236 145.045 1.980 -0.047 1012.861
85.150 16.139 1.287 0.036 987.464
119.372 98.996 1.044 0.009 1035.143
92.625 165.753 2.620 0.261 977.083
79.729 52.150 1.442 -0.031 1030.500
103.695 141.622 1.293 0.064 969.093
174.498 191.233 -7.823 -0.882 958.232
130.621 81.589 0.520 0.003 953.705
167.189 131.031 -5.666 -0.868 1019.974
92.810 91.330 3.037 0.004 1040.602
54.373 104.075 1.774 0.079 978.523
141.583 35.310 2.335 0.101 1024.070
82.557 153.355 1.524 0.096 1067.688
41.368 69.265 2.295 -0.129 1045.329
163.950 138.107 -2.339 -3.225 1049.887
189.601 25.923 -11.716 -0.712 940.795
167.246 39.319 -1.616 -2.794 1056.831
70.203 130.936 2.614 0.101 1007.202
139.918 125.184 3.228 0.156 1050.222
158.620 68.464 -3.013 -0.184 961.306
133.394 183.891 10.270 -0.272 1017.714
124.081 167.110 1.732 -0.051 1083.552
162.613 11.694 -0.911 0.370 1023.615
85.447 191.221 6.926 0.871 1007.638
172.886 174.374 6.648 -0.138 1071.481
75.257 85.230 0.000 0.000 1005.776
59.539 110.301 1.289 0.080 1014.516
179.657 131.132 1.545 -0.046 975.605
92.538 139.110 1.435 0.074 1031.927
82.900 170.962 2.053 0.158 1029.511
190.433 6.619 5.170 0.291 993.192
199.709 122.605 -0.419 -2.362 978.213
194.747 81.679 0.900 -0.314 993.131
199.670 36.142 4.063 -3.320 1063.224
122.888 130.907 1.069 -0.027 980.738
128.953 32.180 -8.486 0.066 971.719
136.513 82.416 1.288 -0.028 1005.604
194.161 21.307 -1.733 0.031 976.972
169.080 5.184 -11.125 -2.964 1032.116
160.461 64.457 -0.510 -0.471 1131.122
195.509 52.731 0.958 -1.714 997.024
189.063 179.283 2.513 -0.064 989.626
168.797 96.457 2.293 0.006 990.884
148.472 4.930 -0.337 0.083 1023.021
85.882 97.961 1.077 -0.040 1065.276
124.664 142.848 1.052 -0.015 947.016
146.402 181.501 7.055 0.148 961.672
64.448 183.160 3.221 0.525 987.666
45.472 57.313 2.192 -0.156 969.703
86.487 189.734 6.970 -0.039 985.538
131.755 176.324 1.261 -0.031 1061.280
146.432 111.317 1.033 -0.068 966.871
41.157 31.137 2.194 -0.235 959.264
65.040 195.371 -2.471 -1.105 996.177
138.338 134.081 -4.901 -2.831 882.058
59.304 100.218 0.830 -0.031 992.658
182.957 168.656 5.421 -0.290 929.690
119.134 143.625 4.618 -0.144 962.756
53.338 94.162 2.416 -0.077 1005.982
117.128 109.659 3.415 0.051 1003.725
135.265 136.250 1.006 -0.060 1009.864
127.709 64.492 2.680 -0.118 1012.855
108.600 103.419 1.418 -0.027 1015.124
79.916 33.204 2.938 -0.179 1039.150
128.893 86.269 1.104 0.031 985.485
143.213 183.021 6.654 -0.194 965.884
175.019 157.607 2.335 -0.208 1024.788
126.156 38.994 -3.531 0.016 1038.931
124.599 90.234 -7.130 2.474 1101.766
165.968 108.960 -7.373 -1.821 973.206
40.004 135.767 2.257 0.257 1113.988
163.624 121.209 1.788 -0.080 962.458
154.124 17.794 4.325 -8.644 931.051
199.233 48.408 -3.566 -5.926 980.948
46.124 172.476 2.414 0.496 1028.102
83.847 46.142 1.306 -0.006 1072.126
191.558 9.662 2.910 0.256 911.369
197.292 65.478 0.849 -0.707 960.888
181.904 39.677 1.876 0.037 1001.312
191.720 4.722 5.145 -0.311 952.820
145.127 33.447 9.803 1.985 1015.129
159.253 178.119 1.493 -0.062 952.628
106.913 115.151 2.946 0.173 915.663
195.000 119.752 1.104 -5.161 968.131
91.798 24.435 -4.732 1.049 1054.524
198.216 111.863 4.349 -0.065 1071.760
193.007 130.953 -2.179 -0.376 990.641
172.761 90.118 2.128 -0.029 1040.477
67.869 81.368 1.463 -0.005 972.945
66.141 55.438 2.923 -0.217 967.835
157.578 153.547 4.933 -0.079 988.375
143.130 167.209 -3.478 -0.429 953.633
139.009 128.443 -2.568 -4.035 1045.242
48.935 148.934 2.031 0.307 1015.360
176.019 32.438 1.906 0.052 1087.472
90.514 18.645 3.187 -0.289 936.740
174.241 97.425 0.730 -1.426 976.418
186.753 63.128 -1.845 -2.783 998.691
91.268 50.556 1.474 0.047 978.868
170.246 92.686 1.570 -0.042 996.671
122.774 11.134 -4.936 1.106 979.713
188.816 175.003 -0.354 -3.059 953.980
89.596 19.184 2.409 0.014 973.377
133.397 172.695 -1.481 -1.141 990.714
169.860 68.260 1.596 -0.005 1011.855
101.034 107.314 1.045 -0.005 1032.553
171.493 166.817 0.233 -0.474 971.264
178.857 148.062 1.560 -0.083 940.317
198.485 95.250 -4.622 -0.247 1043.718
76.471 91.557 1.855 0.033 955.743
58.482 133.808 2.411 0.233 997.428
136.130 74.484 -2.456 -0.872 962.903
45.833 135.452 1.679 0.177 1011.973
168.580 115.374 1.549 -0.063 1009.376
119.685 8.445 -3.059 -1.966 966.792
195.735 130.571 11.095 8.186 937.676
50.982 100.519 1.544 0.090 1036.787
59.557 108.685 2.277 0.050 894.493
61.577 12.557 3.067 -0.169 1066.019
86.090 11.468 2.881 0.012 955.854
90.976 56.992 -2.771 -0.337 998.039
160.384 140.819 -2.743 -0.243 1026.737
150.144 179.314 4.641 0.030 1057.514
143.093 25.827 2.355 0.065 1051.964
172.236 151.084 -1.118 -0.398 985.244
149.630 190.198 6.922 -0.238 977.541
176.100 172.203 1.774 -0.111 1028.496
35.584 128.194 1.933 0.188 1022.572
173.382 172.479 -3.915 -0.806 1017.324
79.218 190.857 5.457 0.704 926.886
117.154 194.902 -1.657 -1.451 973.011
141.545 57.826 2.073 0.069 890.452
57.514 181.343 3.744 0.542 1020.249
69.082 84.859 1.127 -0.005 1009.852
99.977 46.126 2.103 0.023 1007.939
41.419 107.422 1.839 0.078 990.118
100.913 85.991 1.001 0.021 1025.598
79.968 128.629 0.938 -0.006 979.146
72.810 82.988 1.000 -0.006 1028.709
186.488 161.165 3.303 -0.181 960.433
167.097 99.459 -0.777 -0.197 1033.991
65.031 73.836 1.352 -0.040 1007.989
150.988 157.946 -2.949 -0.739 1015.522
60.488 16.212 2.588 -0.599 1091.555
130.454 115.334 1.405 0.001 1032.128
56.907 68.357 2.429 -0.082 1043.592
197.864 190.986 -9.213 -1.020 1119.149
195.000 37.963 1.604 -0.385 978.934
64.251 108.532 3.272 0.170 967.436
128.352 159.942 1.960 -0.016 1001.828
107.009 156.993 2.552 0.269 958.253
193.789 118.813 1.747 -0.085 974.915
67.892 151.748 1.390 0.171 1042.566
41.581 167.310 2.314 0.496 1051.511
103.751 157.283 3.472 0.350 951.485
83.031 82.893 1.003 0.038 1081.937
197.122 60.128 -5.838 -0.557 988.137
117.150 120.819 0.951 0.025 1071.083
123.740 86.310 -1.380 0.062 1065.760
61.780 29.349 3.060 -0.118 1069.854
143.140 66.771 -4.100 0.169 927.683
114.461 34.827 2.059 0.059 980.657
108.208 55.540 0.826 0.034 1053.992
179.546 164.692 1.268 -0.434 1031.473
93.104 156.297 2.022 0.142 988.076
138.151 172.714 -4.205 -0.472 953.008
193.846 51.133 4.029 -1.074 942.303
139.070 159.055 -7.175 -1.097 1093.364
86.817 125.957 1.328 0.017 995.824
190.619 115.533 2.029 -0.099 937.352
134.732 151.029 -5.999 -1.871 1031.318
77.319 94.548 2.169 0.039 1046.834
195.345 125.799 1.763 -0.156 962.957
177.278 127.534 1.596 -0.019 931.377
44.869 109.907 2.344 0.063 941.591
153.732 5.597 -1.312 1.195 1006.774
155.236 131.590 1.421 -0.037 965.845
49.819 92.223 1.571 -0.005 1058.095
191.856 165.261 -1.095 -0.594 969.054
118.891 110.900 1.130 -0.013 933.075
120.691 186.430 3.968 -0.126 959.754
187.737 57.521 -0.664 -2.111 951.512
97.655 72.058 1.264 0.029 968.916
129.614 71.900 1.362 -0.033 965.260
70.580 123.742 2.055 0.237 1089.071
184.005 144.475 1.737 -0.090 1041.398
87.958 194.134 8.133 0.721 1031.674
154.944 114.279 1.033 -0.071 1006.504
127.246 12.576 1.361 0.042 1015.895
125.595 16.499 1.972 0.116 1051.614
129.434 159.539 1.257 -0.047 967.375
180.615 156.325 -6.670 -0.862 1084.376
91.454 30.033 2.882 0.012 991.603
107.202 70.084 1.410 0.039 1076.801
197.373 179.969 3.195 0.192 1050.499
53.669 118.889 1.740 0.161 989.103
91.132 82.947 1.231 -0.009 937.170
174.783 162.304 1.557 -0.077 1010.934
108.795 109.727 2.959 0.047 1098.232
75.280 22.234 2.820 0.005 997.190
102.053 108.315 1.011 0.023 1049.357
127.441 5.590 3.520 0.167 965.208
50.643 90.867 2.089 0.032 1018.341
161.757 184.712 -3.459 -3.149 1067.224
180.854 23.812 6.244 0.389 1026.362
144.972 160.525 1.487 -0.026 890.216
137.305 18.481 -3.121 0.446 1045.648
85.625 77.206 3.093 -0.013 1037.575
198.449 66.831 5.131 -0.514 1115.944
126.476 126.323 1.200 0.006 945.645
158.380 42.741 5.887 -0.488 1021.864
169.594 177.464 3.131 -0.188 1044.807
134.579 75.484 1.309 -0.037 1054.808
87.005 89.898 3.045 0.091 972.895
177.007 68.248 1.347 0.021 1033.726
83.268 122.092 1.325 -0.001 986.046
188.990 158.909 -4.247 -0.606 975.035
179.468 119.565 1.956 -0.102 959.388
73.293 166.711 1.966 0.157 1020.185
166.598 74.513 -5.707 2.263 1040.594
139.654 89.841 0.998 0.011 1003.169
186.992 33.433 2.689 0.267 1048.528
132.270 7.889 3.439 0.248 968.715
178.219 25.267 -3.183 -0.036 1055.600
193.532 81.873 3.595 -4.167 1008.437
98.840 38.081 3.248 0.033 992.422
63.547 129.955 1.266 0.056 907.847
129.276 132.057 1.087 -0.007 951.315
122.547 120.159 1.181 -0.020 1101.149
73.681 38.693 2.374 -0.032 941.762
160.167 133.503 1.608 -0.088 1067.136
135.268 55.800 2.091 0.080 1164.035
80.304 23.959 2.056 -0.059 1047.582
38.219 102.564 1.389 0.063 1016.147
84.264 21.654 2.189 0.000 871.232
58.165 146.944 2.077 0.291 979.906
187.195 73.766 -4.152 -4.019 980.691
67.997 76.123 1.676 -0.053 896.093
38.495 156.266 1.923 0.393 984.946
66.480 172.128 1.566 0.095 1100.252
145.184 47.140 4.385 -0.002 971.831
94.343 63.186 1.877 -0.110 1053.608
98.538 127.902 1.018 0.004 1055.807
184.606 137.122 -0.452 -2.068 891.518
171.860 127.141 0.368 0.403 918.047
100.908 185.222 3.632 0.180 1096.244
63.290 161.907 1.493 0.032 990.145
101.576 151.530 1.583 -0.003 1039.557
61.127 56.968 1.944 -0.184 1052.366
167.463 81.177 2.085 -0.063 1038.766
86.217 174.235 2.029 0.147 1034.783
111.051 117.780 3.765 0.115 958.431
45.890 63.949 1.445 -0.043 967.995
198.189 37.069 -4.604 -0.221 926.490
136.387 98.130 1.205 0.033 1057.041
64.651 147.382 2.443 0.294 1082.007
140.056 15.779 6.019 -0.246 927.807
108.428 51.277 3.009 -0.087 1018.024
91.731 97.273 1.867 0.060 933.235
189.136 3.150 -7.282 0.306 1033.478
67.806 146.107 1.410 0.174 1029.244
184.690 154.083 3.765 -0.027 1053.714
170.602 18.189 -2.555 2.759 1063.205
76.614 197.032 8.664 -0.747 1061.870
196.287 135.481 -1.050 -3.138 869.090
126.298 56.442 1.335 0.045 1046.752
112.706 75.355 0.459 0.007 996.992
161.993 127.571 -0.622 -0.188 978.003
54.443 22.497 3.037 -0.469 1033.536
65.218 28.231 0.000 0.000 910.152
189.413 178.985 4.894 -0.409 979.888
184.882 62.882 -1.098 -0.765 981.931
96.680 149.105 1.564 0.041 997.911
127.511 75.745 1.412 0.041 1004.343
129.619 115.764 1.109 -0.036 1078.322
95.656 116.374 1.224 0.008 995.811
96.795 112.160 1.206 0.017 991.120
173.854 137.348 1.843 -0.084 939.332
87.029 142.040 1.133 0.056 1069.375
162.940 119.502 -7.332 -0.358 1098.428
128.448 86.781 1.221 -0.038 968.946
181.831 57.229 0.792 0.029 937.437
194.275 7.276 5.546 2.125 1006.985
93.809 44.337 3.360 0.025 880.809
51.813 137.609 0.950 0.066 1061.577
197.199 48.654 -6.093 0.159 1027.205
89.840 195.974 6.733 0.278 895.991
174.418 61.256 2.164 0.057 900.840
154.006 83.050 1.215 0.002 1011.549
73.366 165.406 1.663 0.059 1031.581
164.236 41.438 -8.430 0.243 1032.071
128.057 138.913 0.780 -0.007 1102.903
154.465 38.421 2.085 0.078 1024.791
185.713 7.864 6.311 -0.316 987.175
103.364 85.200 0.997 0.020 972.875
127.573 65.777 0.891 0.020 987.517
113.508 193.456 4.835 -0.084 1066.818
50.393 169.431 2.188 0.458 987.374
144.916 63.209 -1.155 -1.070 1029.351
132.625 36.281 -3.046 -0.495 1017.569
190.033 171.055 3.247 -0.068 962.652
199.862 162.277 -8.454 -0.436 939.527
129.730 65.615 0.892 -0.025 1116.876
194.417 179.011 6.954 0.023 936.575
158.429 28.091 1.988 0.071 1025.632
106.527 14.673 2.771 -0.024 1025.570
61.274 61.585 2.703 -0.254 1048.435
134.694 30.115 -5.392 0.034 996.807
89.941 148.570 2.932 0.400 1018.003
188.555 139.608 2.332 -0.218 1069.051
190.464 151.728 -7.560 -0.197 971.521
151.104 101.762 0.896 -0.011 1029.456
124.648 158.408 3.945 -0.045 1027.352
95.086 157.059 2.512 0.231 1033.409
192.018 144.959 4.699 0.300 994.340
185.393 186.489 -9.957 -0.427 954.047
41.375 172.081 2.355 0.462 942.528
141.039 39.579 -9.957 0.884 1081.681
59.931 106.637 1.198 0.060 1003.842
102.562 156.567 3.765 0.468 994.885
131.022 37.274 2.232 0.062 991.182
131.332 156.316 1.781 0.025 1032.908
142.172 188.624 7.420 -0.440 1054.432
134.785 66.366 1.278 -0.039 966.420
58.858 63.573 1.401 -0.006 983.798
97.620 56.438 1.277 0.029 1001.210
41.249 67.175 2.044 -0.120 948.365
190.554 26.800 4.822 -0.032 1060.315
79.938 174.690 -4.714 9.913 1000.311
190.914 78.084 -3.348 -0.772 1077.047
107.154 20.157 3.558 -0.318 1007.426
166.118 18.196 3.642 -0.010 948.750
58.292 71.547 1.268 0.010 1004.887
190.581 53.648 -3.543 -3.608 1013.526
188.080 135.879 2.421 -0.278 968.651
129.629 75.966 -2.821 -6.817 974.529
125.869 180.311 8.591 -0.868 929.001
135.567 149.784 4.945 0.254 981.836
151.256 121.007 1.397 -0.040 920.779
72.037 152.512 2.496 0.346 1053.156
114.818 70.170 0.937 0.061 1030.695
177.453 128.518 1.579 -0.097 954.806
169.019 12.687 7.016 -1.574 1103.189
66.521 158.152 1.598 0.124 1061.846
73.987 106.710 0.747 0.037 992.992
47.415 81.561 2.303 -0.050 990.729
84.621 150.939 1.525 0.095 996.403
126.984 16.568 -9.375 0.170 996.071
78.778 168.953 2.518 0.344 1009.717
130.439 21.129 6.676 -0.182 1056.367
75.039 126.793 1.157 0.024 945.284
108.798 23.072 2.057 0.121 933.762
100.827 123.303 1.105 0.025 937.611
161.392 92.974 -1.652 -0.190 1070.408
196.135 5.424 2.333 -0.464 1006.543
193.102 11.125 3.418 0.192 1024.152
194.130 18.987 0.720 0.382 910.995
116.761 121.706 1.303 0.031 962.299
40.257 132.113 0.000 0.000 1003.020
193.338 61.570 2.119 0.019 891.939
61.057 87.588 1.265 0.041 982.640
172.513 26.307 3.695 0.209 956.049
176.518 88.821 1.083 -0.001 1042.066
128.182 89.176 1.335 -0.012 977.781
153.126 19.187 3.582 -0.174 1023.616
189.307 52.660 -1.724 -0.809 1047.823
62.607 130.415 1.991 0.228 1054.857
194.444 35.386 -2.607 -0.034 1093.751
164.449 135.934 -3.402 -1.156 1020.835
194.009 170.236 -6.094 0.192 1060.008
183.456 171.915 -6.671 -0.791 975.170
41.834 42.997 2.048 -0.235 1069.225
103.968 110.400 3.209 0.141 999.529
89.544 160.588 2.018 0.119 1063.033
135.258 147.906 1.342 -0.014 874.001
199.144 130.268 -0.660 -4.099 901.856
179.458 97.076 -4.474 -1.046 1092.783
184.291 86.342 1.142 0.005 977.866
86.374 163.893 3.310 0.530 948.234
94.549 172.281 2.943 0.513 965.147
186.229 147.974 1.633 -0.100 1068.616
84.917 26.879 1.813 -0.005 973.826
161.418 171.603 5.826 0.065 1015.817
190.666 176.295 -4.027 0.636 981.870
194.551 168.221 -1.554 -4.001 947.463
80.677 70.215 1.254 0.019 1012.704
60.651 85.274 1.453 -0.053 960.315
74.583 111.595 1.380 0.071 1043.294
179.197 66.198 -4.095 -1.069 964.762
196.831 70.994 2.886 -0.113 1041.715
92.896 56.240 2.104 0.001 967.228
150.152 137.397 2.037 -0.138 833.891
139.125 160.404 2.931 0.067 967.196
42.229 87.800 0.000 0.000 1019.240
173.220 125.880 1.869 -0.083 1042.021
92.548 25.560 -12.445 0.065 967.627
141.249 53.678 1.625 0.042 1035.765
120.091 88.368 0.978 0.034 1089.761
155.063 31.179 0.948 0.022 1088.643
185.816 111.705 1.184 -0.057 946.100
99.251 129.526 0.940 0.009 1018.100
107.016 185.481 4.527 0.108 996.999
176.370 148.026 6.178 -0.314 1029.861
150.504 60.369 1.482 -0.014 991.426
93.678 155.322 3.347 0.356 1026.031
60.895 48.908 0.000 0.000 1036.877
196.337 59.215 -3.638 -1.971 928.922
195.127 6.310 4.310 0.176 1011.202
168.103 160.932 1.561 -0.103 1049.370
53.658 64.559 1.014 -0.069 990.083
83.662 140.393 1.225 0.080 1012.733
177.988 14.922 -2.927 0.129 1003.118
96.829 138.337 1.272 0.069 935.850
195.272 62.757 1.578 0.160 996.583
127.651 119.848 0.911 0.007 1037.854
45.469 116.936 1.681 0.152 953.732
194.472 170.684 6.174 0.024 1005.387
74.425 90.654 1.853 0.032 944.070
193.279 26.010 12.738 -0.270 977.258
194.073 39.801 5.627 0.497 1035.709
177.577 140.509 1.732 -2.534 993.806
50.623 161.047 2.218 0.507 1033.304
141.417 67.283 1.077 -0.024 1003.449
79.337 73.092 1.285 -0.012 1002.363
176.897 125.680 1.539 -0.036 915.232
195.912 146.367 4.477 0.103 988.440
112.951 77.304 1.382 0.032 889.768
114.918 188.104 1.717 -1.659 1079.042
45.574 84.899 1.275 0.056 995.330
125.198 26.302 10.445 2.482 1041.590
195.888 148.872 8.653 0.033 982.120
128.015 121.519 1.174 -0.019 1090.378
66.785 83.540 2.489 -0.112 1068.201
192.736 9.877 9.303 1.009 990.974
123.407 28.689 2.068 0.151 941.565
100.432 54.722 2.650 -0.233 1032.140
83.584 74.079 1.257 -0.009 977.753
112.038 76.155 1.228 0.033 1062.338
154.913 1.969 2.087 -1.012 1078.133
122.179 36.751 -3.239 0.153 990.236
152.291 62.790 1.443 0.057 987.350
187.492 70.797 -3.240 -1.620 1033.963
194.273 11.877 -4.389 0.277 1084.087
162.006 34.542 4.683 57.753 975.423
65.476 128.403 0.964 0.022 990.674
169.032 41.101 2.394 0.087 1092.096
78.362 37.300 2.157 -0.048 959.295
133.258 190.674 -7.352 -1.495 1024.294
152.549 154.173 1.067 -0.016 1053.199
110.008 32.428 3.865 -0.304 1010.328
187.491 89.737 1.361 -0.008 1016.087
136.583 113.376 1.244 -0.037 905.505
54.990 72.774 1.770 -0.061 1019.839
190.824 110.764 -1.830 -0.089 1042.846
140.038 96.841 1.065 -0.006 994.711
189.400 119.898 2.918 -0.076 1043.759
54.297 133.048 0.979 0.087 988.230
184.371 169.408 -6.552 -0.202 973.444
159.149 78.271 1.024 -0.010 1048.167
165.872 183.880 2.838 -0.312 971.663
57.005 54.141 1.577 -0.047 1043.000
182.922 150.152 -1.534 -1.208 998.249
128.069 47.126 1.353 0.057 1048.785
47.861 160.696 2.233 0.510 1056.431
76.666 78.969 1.203 -0.022 1029.982
56.405 66.711 3.069 -0.005 957.497
190.770 112.376 2.232 -0.110 905.942
128.588 150.901 1.196 0.000 954.142
63.425 191.835 -0.555 -2.000 943.037
167.523 111.876 -4.293 -3.937 988.832
50.895 70.015 1.577 -0.081 1028.422
48.919 95.841 2.456 -0.032 990.874
194.055 13.060 3.186 0.407 1060.880
137.811 64.330 1.905 0.071 979.187
176.404 15.828 5.529 -0.042 1039.718
128.416 173.237 -1.241 -3.088 980.763
132.587 88.270 -1.227 -0.861 957.029
56.985 157.655 2.866 0.506 880.594
116.548 190.103 5.154 0.073 1053.367
198.392 114.458 2.294 -0.071 1087.074
194.940 91.061 -0.238 -0.116 965.100
177.145 89.217 2.343 -0.094 1001.926
134.326 121.356 4.140 0.236 922.307
64.812 99.046 0.685 -0.008 958.537
59.441 51.543 1.652 -0.105 1022.637
43.068 108.734 1.257 0.066 1076.987
49.239 97.561 1.909 0.056 1037.271
153.888 155.037 3.185 -0.021 1054.781
106.234 45.647 2.053 0.012 1027.089
180.881 75.910 1.348 -0.010 1031.326
104.975 27.220 2.341 0.022 1003.389
179.819 139.541 -1.312 0.178 1034.599
104.277 131.493 1.583 0.093 898.197
85.658 5.229 -8.407 -0.280 913.948
178.418 158.810 6.007 0.067 1069.651
92.892 130.111 1.569 0.065 934.136
177.004 81.008 1.706 0.001 1058.761
89.703 44.382 1.364 0.016 907.895
64.083 177.983 3.273 0.507 1018.240
152.105 41.127 1.542 0.041 1008.783
41.062 87.603 1.104 -0.039 973.339
59.719 111.686 2.984 0.152 970.893
196.003 23.217 0.363 2.410 1028.912
104.878 61.735 0.044 0.002 964.395
198.125 50.901 -3.034 -0.638 990.607
172.165 150.400 1.709 -0.077 1044.517
135.698 48.770 -8.366 1.517 1014.506
126.768 159.618 0.910 -0.001 1024.014
163.810 51.868 1.378 0.020 1009.702
78.754 132.330 0.949 0.016 943.283
45.443 104.900 2.293 0.115 1076.386
152.325 135.872 2.258 -0.181 1021.368
145.802 91.794 1.410 -0.051 955.039
79.435 132.622 1.045 0.070 935.160
194.731 123.028 5.929 0.008 969.655
138.353 104.367 1.645 0.052 1016.819
134.150 92.784 1.355 -0.001 1085.138
110.417 190.357 4.464 -0.116 972.077
189.559 178.540 -6.159 -0.267 1078.154
65.898 49.685 2.294 -0.180 1014.948
41.126 56.168 1.399 -0.019 1009.167
162.503 149.143 6.375 7.998 1051.518
135.774 49.207 1.769 0.062 924.256
189.035 51.655 4.361 -0.237 1054.251
82.007 136.545 0.859 -0.038 917.705
155.428 194.705 5.917 60.625 1049.772
127.642 181.960 -4.332 -1.684 1003.570
81.180 41.646 -14.741 1.963 957.977
82.823 70.003 0.777 -0.017 964.465
134.191 87.122 1.220 0.042 987.522
91.437 128.281 2.839 0.067 1040.895
179.188 52.635 0.164 -1.713 1012.802
42.270 120.212 1.633 0.111 1048.166
146.120 53.851 1.783 0.062 1002.880
70.838 182.983 1.747 0.177 950.352
150.774 68.553 -2.147 -0.248 986.198
89.219 169.865 1.606 0.064 966.391
190.921 129.351 1.824 -0.124 1029.460
106.683 85.461 1.003 0.021 961.072
48.186 166.219 2.543 0.537 1057.623
102.231 64.357 1.243 0.034 1023.796
61.861 103.706 2.410 0.080 1079.903
158.110 157.230 2.335 -0.057 1007.868
90.212 62.623 1.454 -0.004 1022.691
70.272 99.556 0.973 -0.018 1011.392
107.820 29.254 0.000 0.000 1008.267
138.060 87.099 1.166 0.008 981.570
153.563 163.288 -6.229 -1.123 1005.371
192.566 153.573 3.328 -0.400 1038.588
88.655 101.303 1.861 0.061 1052.641
178.177 123.995 1.776 -0.081 981.272
112.473 136.975 1.425 -0.026 941.999
116.295 189.010 6.631 -0.057 963.963
84.670 40.214 1.794 -0.052 970.337
160.432 3.439 -12.937 0.897 1069.060
77.167 102.261 1.454 0.042 967.370
76.770 19.309 2.581 0.004 939.364
194.971 178.908 -4.943 0.043 1047.563
197.683 124.734 5.922 -0.174 1022.236
62.952 38.592 2.370 -0.220 959.992
113.540 46.468 1.051 0.050 1022.738
100.513 35.508 1.551 -0.083 1092.480
68.788 174.630 2.486 0.323 1061.481
180.097 44.170 8.376 2.024 971.401
138.116 169.903 1.702 -0.057 1071.327
162.341 163.530 5.763 0.157 1013.442
139.177 36.238 -3.016 -1.234 1040.284
52.040 80.582 2.198 -0.006 998.367
189.048 98.077 0.181 -1.348 1028.588
85.065 71.322 1.512 -0.037 1002.884
165.832 120.420 -3.361 -1.640 1039.318
122.443 62.427 1.037 0.050 882.800
157.916 52.087 2.044 0.057 935.869
111.649 193.655 2.983 -0.009 992.280
72.931 108.574 1.375 0.074 924.692
125.936 108.003 1.093 0.000 1022.180
84.718 73.132 0.304 0.009 996.522
64.640 16.132 2.869 -0.196 977.689
134.726 187.246 7.704 0.140 995.176
141.590 145.942 1.903 -0.027 957.323
129.169 148.179 1.248 -0.031 1001.604
147.217 187.147 -5.367 -1.068 961.902
90.418 137.730 0.701 0.029 1007.279
116.522 96.565 0.867 0.018 956.353
113.089 185.037 7.300 -0.044 1013.363
94.880 14.925 3.249 0.016 1071.811
166.731 148.037 1.407 -0.094 996.220
65.908 31.571 4.108 -0.439 963.973
72.191 13.429 4.073 -0.322 1005.322
100.785 194.471 6.995 0.758 1016.594
197.741 47.907 6.195 -0.042 985.406
78.984 149.924 1.502 0.100 1107.220
60.475 43.606 1.590 -0.053 1072.887
40.819 55.710 2.091 -0.108 1043.680
181.908 30.998 2.708 0.074 1005.778
160.073 73.919 1.304 -0.036 1008.376
68.353 126.690 2.520 0.297 997.198
99.713 168.466 2.932 0.363 992.440
54.608 109.853 2.157 0.087 1026.475
100.279 190.963 3.775 -0.116 982.613
182.295 158.027 1.339 -0.044 978.840
197.883 37.993 3.775 -1.503 1045.338
113.220 24.339 -5.635 0.686 1030.484
155.543 49.702 2.340 0.065 904.969
61.565 79.794 2.133 -0.050 1046.981
167.182 182.048 -1.281 -1.040 1044.720
122.356 138.255 1.111 -0.030 937.024
117.098 77.377 2.766 -0.126 1014.612
93.298 19.753 2.233 0.020 986.112
77.238 139.675 3.517 0.070 990.405
135.670 138.558 2.265 -0.084 1017.215
72.355 36.141 1.835 -0.048 889.886
159.909 58.752 1.164 0.052 1014.151
40.776 163.977 2.269 0.443 1013.534
125.800 133.157 0.869 -0.027 995.065
91.063 132.526 1.351 0.048 897.598
128.687 85.767 1.278 -0.034 978.893
180.105 87.336 0.648 -0.005 1056.932
196.156 20.042 -0.756 0.810 1051.876
50.869 131.382 1.469 0.161 1017.801
182.093 41.451 1.992 0.075 1013.163
112.018 178.927 2.306 -0.028 949.546
64.762 127.246 1.295 0.092 1086.511
143.942 183.413 6.322 0.111 1037.091
75.800 18.536 3.037 0.002 960.135
86.835 66.341 1.336 0.016 1062.298
195.095 178.731 4.216 -0.384 1065.827
173.293 35.829 8.329 -0.604 1012.710
118.791 146.075 3.987 0.206 1003.876
179.645 151.831 1.919 -0.098 1068.573
196.043 47.443 -3.339 -0.447 961.617
189.577 8.854 -2.749 -0.459 939.259
124.864 25.450 1.565 0.082 1020.353
184.217 129.649 1.705 -0.094 1094.900
140.262 60.963 1.587 0.023 1000.270
172.849 5.907 -5.949 4.092 1038.932
162.203 149.942 1.641 -0.108 1070.586
184.679 144.682 1.007 -0.066 929.633
123.125 37.559 1.604 0.050 1074.386
142.874 79.414 1.226 0.038 938.604
88.827 114.886 0.413 0.014 915.988
92.423 124.018 1.501 0.098 958.035
170.556 183.943 0.364 -1.429 935.859
119.584 131.446 -2.384 -1.888 1055.432
162.667 125.066 1.283 -0.040 929.160
107.603 32.661 1.252 0.072 1021.833
195.262 155.711 1.593 -0.070 1048.873
60.638 21.316 1.768 0.032 996.209
131.231 8.641 3.676 0.062 1022.617
48.582 65.542 1.892 -0.133 1029.857
151.849 13.515 2.495 -0.266 1006.530
161.912 39.723 -7.169 0.427 1068.352
196.660 144.944 -2.880 -0.247 926.350
65.744 123.089 1.290 0.098 940.152
117.685 25.520 1.801 0.009 965.859
102.967 121.841 1.214 -0.001 1002.113
93.696 21.618 2.286 -0.063 1018.233
155.008 120.191 1.358 -0.041 997.161
139.163 27.881 5.684 -0.413 990.095
184.727 111.689 1.766 -0.035 1034.600
190.656 10.848 -7.446 0.337 1122.370
86.935 128.264 2.531 0.238 1014.503
158.106 104.868 1.617 -0.056 950.937
122.938 112.748 1.154 -0.019 995.327
91.291 107.331 0.981 -0.018 991.183
121.130 19.016 2.954 0.079 1081.031
176.549 176.955 -2.199 -0.382 1088.104
194.479 11.921 -10.809 1.285 1028.283
128.787 188.751 6.613 0.143 888.356
183.846 29.842 -0.809 1.555 933.629
41.803 32.603 2.003 -0.188 1010.947
98.320 192.517 7.179 0.008 1036.919
93.118 28.068 1.979 -0.086 992.139
138.761 80.829 0.868 0.030 993.971
97.402 79.490 1.267 0.033 1030.360
84.707 168.470 -2.737 -1.133 1041.081
111.236 10.204 4.401 -0.127 1065.593
126.789 63.340 1.325 0.045 1043.604
116.218 176.010 1.422 -0.020 1052.359
152.684 74.736 1.022 0.044 975.734
102.173 31.219 -7.466 -0.156 1045.964
194.947 68.876 4.684 -0.370 964.390
184.476 176.837 -0.947 -0.947 1009.176
60.528 73.135 1.237 -0.008 974.183
85.566 81.940 1.423 -0.067 951.791
102.132 38.041 1.195 0.034 926.406
78.065 53.989 1.917 -0.025 976.220
79.694 161.867 -2.615 -0.047 1063.586
79.113 111.181 3.156 0.020 994.784
167.319 136.554 1.481 -0.097 999.801
199.028 70.451 -2.000 -0.242 1024.027
193.334 56.487 2.085 -0.025 984.800
98.431 132.561 -3.455 -0.808 943.238
146.555 74.160 -1.034 -1.210 1054.592
193.519 3.870 -5.148 -3.296 961.432
186.425 32.722 2.052 5.238 1027.308
196.465 162.793 -1.590 -0.621 992.536
88.839 48.812 1.715 -0.051 959.343
141.795 95.300 -1.593 -1.734 1053.316
97.008 104.684 0.234 -0.006 925.477
37.537 134.408 1.993 0.211 1067.439
121.140 120.614 4.245 0.261 1015.208
100.039 186.491 4.107 -0.199 900.166
81.896 118.645 0.631 0.033 1059.599
167.600 9.081 -12.229 -0.334 976.649
127.475 122.270 1.046 -0.025 987.784
116.972 60.833 0.813 0.030 1069.516
73.212 155.165 1.321 0.167 1068.989
146.785 194.669 -2.422 -0.771 978.159
138.289 159.649 1.179 -0.035 1044.194
75.992 169.053 1.739 0.096 1061.446
177.438 144.615 1.019 0.487 997.939
100.601 129.159 1.939 0.164 964.833
79.879 125.629 1.321 -0.033 996.199
129.543 193.931 7.244 -0.199 990.233
169.122 21.643 1.087 -0.597 982.897
132.974 20.431 -9.790 -0.684 962.484
194.893 106.533 0.819 -1.754 987.059
99.090 59.543 1.419 -0.013 1070.018
52.081 63.073 1.370 -0.026 960.625
115.617 190.862 9.828 -0.810 923.657
161.399 177.081 3.229 -0.297 1032.201
194.903 65.859 -2.219 -0.425 961.754
49.176 33.108 2.093 -0.195 945.578
43.104 157.990 1.956 0.406 1014.529
142.557 127.355 3.804 0.392 991.827
188.340 136.710 6.617 -0.805 956.042
160.940 138.989 1.655 -0.077 1012.963
193.001 4.516 -5.509 -1.116 1032.409
146.588 142.565 1.551 -0.089 1040.877
194.264 41.144 -6.733 0.141 1025.868
140.753 20.370 1.873 0.092 1016.192
55.939 170.016 2.454 0.481 961.297
84.400 131.972 1.179 0.030 974.258
151.072 106.398 1.283 -0.050 948.318
122.664 93.602 1.282 -0.014 1030.092
187.845 172.100 3.908 -0.588 890.210
149.202 59.088 1.012 -0.009 1007.918
87.503 197.745 -0.276 -1.324 969.414
195.741 162.551 8.155 -0.076 1023.860
173.273 118.709 1.419 -0.060 1048.148
86.076 110.049 0.727 0.023 998.932
98.276 43.631 1.426 0.032 1045.731
76.630 66.217 1.761 -0.109 1074.977
123.159 73.391 1.455 0.033 897.236
