63.872 117.232 0.079 -0.007 1027.675
70.462 38.840 0.107 0.001 970.238
69.898 59.621 0.075 0.022 1011.318
174.623 61.032 0.108 0.016 971.573
54.478 107.732 0.062 -0.010 909.784
113.430 130.667 0.061 -0.001 989.491
165.862 106.636 0.076 -0.008 1036.217
73.583 155.584 0.076 0.012 1023.673
150.463 132.875 0.065 -0.014 1003.354
10.070 37.925 0.102 -0.013 1015.132
188.950 181.332 0.099 -0.013 1035.230
28.927 128.636 0.128 -0.026 1024.506
100.686 140.493 0.052 0.008 1025.345
60.038 50.799 0.096 -0.002 983.764
178.527 13.364 0.138 0.072 994.017
84.027 31.036 0.100 0.024 945.319
136.589 156.484 0.075 -0.017 952.345
193.796 92.621 -0.334 -0.435 1060.896
183.228 83.984 0.178 -0.010 980.680
150.132 28.664 0.095 0.008 963.233
20.529 79.640 0.089 -0.018 1004.150
163.559 175.016 0.086 -0.043 934.558
95.500 91.147 0.043 -0.000 952.376
18.820 129.727 0.127 -0.008 1139.354
177.807 122.272 0.078 0.008 974.895
157.897 5.667 0.515 -0.001 1000.671
6.567 81.300 0.277 -0.229 1075.745
70.521 110.693 0.030 0.008 1060.237
105.049 63.369 0.045 0.002 969.711
35.669 124.500 0.054 0.001 1007.468
65.641 49.526 0.015 0.014 1001.860
179.938 29.313 0.131 0.044 979.865
29.327 153.041 0.125 -0.009 959.038
14.105 38.043 0.102 -0.013 975.855
50.411 130.442 0.043 0.005 1043.436
92.670 29.478 0.062 0.016 988.077
81.008 14.035 0.152 0.071 1004.732
50.255 25.182 1.213 1.609 949.478
55.408 35.247 0.073 -0.021 974.249
58.133 163.656 0.071 0.018 1057.953
59.925 27.303 0.076 0.019 996.838
139.160 167.643 0.072 -0.042 1050.001
168.431 164.003 0.070 -0.031 1021.067
116.797 3.623 0.240 0.030 1073.247
71.402 189.639 0.196 0.013 897.254
193.307 40.094 -0.389 0.278 1018.233
35.384 52.105 0.051 -0.014 1071.202
114.233 32.067 0.056 0.005 1081.382
57.861 176.652 0.076 0.042 1055.538
94.671 176.044 0.094 0.039 947.411
