---ITERATIONS: 50 ---
149958
143313
145924
142600
149992
142799
148211
151006
147283
151580
150939
147170
147401
151272
143612
---
567203
564700
564363
565589
566906
560687
588708
565790
566147
565495
564348
569351
564951
565855
566031
---
2400629
2247984
2259880
2241562
2252354
2240926
2239306
2242735
2247714
2243006
2240404
2239231
2245802
2238906
2243327
---
---ITERATIONS: 100 ---
288903
286073
291947
289884
289786
291361
295152
290192
290359
300284
289934
293548
288836
298166
288521
---
1121182
1118021
1122944
1122554
1135870
1124965
1121104
1120511
1125086
1132467
1127028
1119294
1163873
1122700
1126594
---
4466197
4470967
4500447
4488335
4483328
4462560
4466454
4463736
4472890
4466681
4473336
4478835
4478882
4472564
4465185
---
---ITERATIONS: 200---
574343
573665
570906
576405
568937
571410
575317
577917
570462
569526
569223
569506
571389
586443
568457
---
2244777
2242007
2232653
2237013
2232538
2237795
2236956
2237530
2236988
2236910
2253931
2232874
2237358
2236338
2238357
---
8912085
8916748
8879113
8930747
8928138
8925248
8899661
8925495
8915977
8931863
8938121
8946762
8931637
8907199
8901141
---