---ITERATIONS: 50 ---
101959
101958
105729
100644
112171
101131
101497
99859
100729
108692
103719
99809
100879
100712
110715
---
394313
390826
402386
399887
391351
397398
391404
396636
396690
408323
397311
388246
404089
388710
396178
---
1600839
1579691
1668701
1591020
1582615
1626744
1588989
1604529
1592525
1647830
1589478
1671320
1719588
1858013
1841867
---
---ITERATIONS: 100 ---
228512
234125
228603
237647
228750
226253
229995
228781
226114
228632
232698
234214
225627
233233
230385
---
898589
897121
891128
902110
894578
901243
896954
887225
896660
889802
900490
893816
889821
889202
892018
---
3649545
3600758
3597953
3614441
3590493
3614020
3601038
3599619
3595392
3603684
3602056
3605616
3665761
3592283
3591911
---
---ITERATIONS: 200---
446755
454517
446113
456064
456854
452291
456130
456359
452455
456190
472976
447906
465168
455554
450672
---
1787000
1796866
1804693
1810777
1773062
1772065
1761534
1774043
1767731
1775019
1769904
1823936
1767230
1780859
1769046
---
7222431
7168366
7232347
7182737
7191098
7173669
7214203
7183878
7191026
7193852
7176334
7227650
7366868
7408078
7386212
---
Dale Carla, ahora mostráme aunque sea una mijita de pezón

