---ITERATIONS: 50 ---
70738
67426
64983
65283
72800
67252
72495
64113
70143
71395
66382
66078
70130
73828
84001
---
269520
275943
279586
269424
280286
271645
275480
280665
266110
279350
276815
269605
281484
281692
272702
---
813589
801740
817879
833565
820052
810042
818612
802804
809053
832749
809623
822932
802690
810196
812513
---
---ITERATIONS: 100 ---
126871
123919
146530
139290
125129
132432
125677
133420
144915
143061
131544
127652
126043
136916
123860
---
546777
532629
539742
539811
535071
532609
538225
537776
551060
538466
532998
538033
551258
534762
530403
---
1642799
1622764
1613773
1610399
1614787
1621182
1695707
1728494
1757458
1746792
1750895
1760627
1768020
1756006
1798939
---
---ITERATIONS: 200---
275912
282862
266142
260256
286076
268471
299797
264169
266588
297086
260598
291786
267363
269626
280463
---
1162304
1193120
1189167
1150473
1165033
1164016
1151350
1161032
1284635
1345747
1356417
1332171
1326336
1318896
1326472
---
3956999
3985023
3892235
3915715
3908417
3875559
4062855
3908273
4030656
3916017
3884516
3907569
3909431
3938900
4027186
---
Dale Carla, ahora mostráme aunque sea una mijita de pezón

